Our Results on CB513 (Q8 accuracy is 69.7%, Q3 accuracy is 84% for single model):

Confusion matrix:

[[11679     9  2888   216     0   974   987  1167]
 [  588    31   294    12     0    98    66    92]
 [ 2107     8 14919    41     0   410   201   330]
 [  635     0   172   790     0   904    80   551]
 [    4     0     2     3     0    17     0     4]
 [  678     2   216   250     0 24394    76   541]
 [ 3077     5   888   146     0   688  2072  1440]
 [ 1616     1   447   385     0  1822   520  5222]]
 
Our Results on CASP10 (Q8 accuracy is 76.9%, Q3 accuracy is 87.8% for single model): 

casp10 confusion matrix 

 [[3894    4  402   42    0  113  182  163]
 [  69    3   23    3    0   10    5    3]
 [ 316    2 2855   21    0   59   64   35]
 [ 118    0   12  125    0   81   29   51]
 [   0    0    0    0    0    0    0    0]
 [ 102    0   46   48    0 3535    9   86]
 [ 392    1   98   22    0   58  314  140]
 [ 239    1   59   70    0  212   95  918]]
 
 Our Results on CASP11 (Q8 accuracy is 73.1%, Q3 accuracy is 85.3% for single model): 
 
casp11 confusion matrix

 [[1921    2  359   24    0   93  134   97]
 [  50    5   30    4    0    6    8    5]
 [ 288    1 2368   16    0   35   55   35]
 [  79    0   35   89    0   60   24   41]
 [   0    0    0    0    0    0    0    0]
 [ 115    0   68   43    0 2851   17   57]
 [ 314    0  102   23    0   73  236  131]
 [ 176    0   45   49    0  190   90  581]]